       0	       0	       0
  2.1602	 25.7143	       0
  2.1602	 77.1429	       0
  2.1602	 128.571	       0
 4.18234	 3.95604	       0
 4.18234	 31.6484	       0
 4.18234	 59.3407	       0
 4.18234	  87.033	       0
 4.18234	 114.725	       0
 4.18234	 142.418	       0
 4.18234	  170.11	       0
 6.15695	 14.8872	       0
 6.15695	 33.8346	       0
 6.15695	  52.782	       0
 6.15695	 71.7293	       0
 6.15695	 90.6767	       0
 6.15695	 109.624	       0
 6.15695	 128.571	       0
 6.15695	 147.519	       0
 6.15695	 166.466	       0
 8.12409	 6.17143	       0
 8.12409	 20.5714	       0
 8.12409	 34.9714	       0
 8.12409	 49.3714	       0
 8.12409	 63.7714	       0
 8.12409	 78.1714	       0
 8.12409	 92.5714	       0
 8.12409	 106.971	       0
 8.12409	 121.371	       0
 8.12409	 135.771	       0
 8.12409	 150.171	       0
 8.12409	 164.571	       0
 8.12409	 178.971	       0
 10.1189	0.0964286	       0
 10.1189	 11.3464	       0
 10.1189	 22.5964	       0
 10.1189	 33.8464	       0
 10.1189	 45.0964	       0
 10.1189	 56.3464	       0
 10.1189	 67.5964	       0
 10.1189	 78.8464	       0
 10.1189	 90.0964	       0
 10.1189	 101.346	       0
 10.1189	 112.596	       0
 10.1189	 123.846	       0
 10.1189	 135.096	       0
 10.1189	 146.346	       0
 10.1189	 157.596	       0
 10.1189	 168.846	       0
 12.1107	 6.93764	       0
 12.1107	 16.6674	       0
 12.1107	 26.3971	       0
 12.1107	 36.1268	       0
 12.1107	 45.8566	       0
 12.1107	 55.5863	       0
 12.1107	  65.316	       0
 12.1107	 75.0458	       0
 12.1107	 84.7755	       0
 12.1107	 94.5052	       0
 12.1107	 104.235	       0
 12.1107	 113.965	       0
 12.1107	 123.694	       0
 12.1107	 133.424	       0
 12.1107	 143.154	       0
 12.1107	 152.884	       0
 12.1107	 162.613	       0
 12.1107	 172.343	       0
 14.0944	 2.40448	       0
 14.0944	 10.5863	       0
 14.0944	 18.7681	       0
 14.0944	 26.9499	       0
 14.0944	 35.1317	       0
 14.0944	 43.3136	       0
 14.0944	 51.4954	       0
 14.0944	 59.6772	       0
 14.0944	  67.859	       0
 14.0944	 76.0408	       0
 14.0944	 84.2227	       0
 14.0944	 92.4045	       0
 14.0944	 100.586	       0
 14.0944	 108.768	       0
 14.0944	  116.95	       0
 14.0944	 125.132	       0
 14.0944	 133.314	       0
 14.0944	 141.495	       0
 14.0944	 149.677	       0
 14.0944	 157.859	       0
 14.0944	 166.041	       0
 14.0944	 174.223	       0
    16.1	 6.82266	       0
    16.1	 14.0227	       0
    16.1	 21.2227	       0
    16.1	 28.4227	       0
    16.1	 35.6227	       0
    16.1	 42.8227	       0
    16.1	 50.0227	       0
    16.1	 57.2227	       0
    16.1	 64.4227	       0
    16.1	 71.6227	       0
    16.1	 78.8227	       0
    16.1	 86.0227	       0
    16.1	 93.2227	       0
    16.1	 100.423	       0
    16.1	 107.623	       0
    16.1	 114.823	       0
    16.1	 122.023	       0
    16.1	 129.223	       0
    16.1	 136.423	       0
    16.1	 143.623	       0
    16.1	 150.823	       0
    16.1	 158.023	       0
    16.1	 165.223	       0
    16.1	 172.423	       0
    16.1	 179.623	       0
 18.1031	 3.86551	       0
 18.1031	 10.2941	       0
 18.1031	 16.7227	       0
 18.1031	 23.1512	       0
 18.1031	 29.5798	       0
 18.1031	 36.0084	       0
 18.1031	 42.4369	       0
 18.1031	 48.8655	       0
 18.1031	 55.2941	       0
 18.1031	 61.7227	       0
 18.1031	 68.1512	       0
 18.1031	 74.5798	       0
 18.1031	 81.0084	       0
 18.1031	 87.4369	       0
 18.1031	 93.8655	       0
 18.1031	 100.294	       0
 18.1031	 106.723	       0
 18.1031	 113.151	       0
 18.1031	  119.58	       0
 18.1031	 126.008	       0
 18.1031	 132.437	       0
 18.1031	 138.866	       0
 18.1031	 145.294	       0
 18.1031	 151.723	       0
 18.1031	 158.151	       0
 18.1031	  164.58	       0
 18.1031	 171.008	       0
 18.1031	 177.437	       0
 20.1064	 1.48072	       0
 20.1064	 7.28717	       0
 20.1064	 13.0936	       0
 20.1064	 18.9001	       0
 20.1064	 24.7065	       0
 20.1064	  30.513	       0
 20.1064	 36.3194	       0
 20.1064	 42.1259	       0
 20.1064	 47.9323	       0
 20.1064	 53.7388	       0
 20.1064	 59.5452	       0
 20.1064	 65.3517	       0
 20.1064	 71.1581	       0
 20.1064	 76.9646	       0
 20.1064	  82.771	       0
 20.1064	 88.5775	       0
 20.1064	 94.3839	       0
 20.1064	  100.19	       0
 20.1064	 105.997	       0
 20.1064	 111.803	       0
 20.1064	  117.61	       0
 20.1064	 123.416	       0
 20.1064	 129.223	       0
 20.1064	 135.029	       0
 20.1064	 140.836	       0
 20.1064	 146.642	       0
 20.1064	 152.448	       0
 20.1064	 158.255	       0
 20.1064	 164.061	       0
 20.1064	 169.868	       0
 20.1064	 175.674	       0
  22.098	 5.16392	       0
  22.098	 10.5371	       0
  22.098	 15.9102	       0
  22.098	 21.2833	       0
  22.098	 26.6565	       0
  22.098	 32.0296	       0
  22.098	 37.4027	       0
  22.098	 42.7759	       0
  22.098	  48.149	       0
  22.098	 53.5221	       0
  22.098	 58.8953	       0
  22.098	 64.2684	       0
  22.098	 69.6415	       0
  22.098	 75.0147	       0
  22.098	 80.3878	       0
  22.098	 85.7609	       0
  22.098	 91.1341	       0
  22.098	 96.5072	       0
  22.098	  101.88	       0
  22.098	 107.253	       0
  22.098	 112.627	       0
  22.098	     118	       0
  22.098	 123.373	       0
  22.098	 128.746	       0
  22.098	 134.119	       0
  22.098	 139.492	       0
  22.098	 144.865	       0
  22.098	 150.239	       0
  22.098	 155.612	       0
  22.098	 160.985	       0
  22.098	 166.358	       0
  22.098	 171.731	       0
  22.098	 177.104	       0
 24.0946	 2.65888	       0
 24.0946	 7.52374	       0
 24.0946	 12.3886	       0
 24.0946	 17.2535	       0
 24.0946	 22.1183	       0
 24.0946	 26.9832	       0
 24.0946	 31.8481	       0
 24.0946	 36.7129	       0
 24.0946	 41.5778	       0
 24.0946	 46.4427	       0
 24.0946	 51.3075	       0
 24.0946	 56.1724	       0
 24.0946	 61.0373	       0
 24.0946	 65.9021	       0
 24.0946	  70.767	       0
 24.0946	 75.6318	       0
 24.0946	 80.4967	       0
 24.0946	 85.3616	       0
 24.0946	 90.2264	       0
 24.0946	 95.0913	       0
 24.0946	 99.9562	       0
 24.0946	 104.821	       0
 24.0946	 109.686	       0
 24.0946	 114.551	       0
 24.0946	 119.416	       0
 24.0946	  124.28	       0
 24.0946	 129.145	       0
 24.0946	  134.01	       0
 24.0946	 138.875	       0
 24.0946	  143.74	       0
 24.0946	 148.605	       0
 24.0946	  153.47	       0
 24.0946	 158.335	       0
 24.0946	 163.199	       0
 24.0946	 168.064	       0
 24.0946	 172.929	       0
 24.0946	 177.794	       0
 26.0994	 1.15015	       0
 26.0994	 5.70711	       0
 26.0994	 10.2641	       0
 26.0994	  14.821	       0
 26.0994	  19.378	       0
 26.0994	  23.935	       0
 26.0994	 28.4919	       0
 26.0994	 33.0489	       0
 26.0994	 37.6058	       0
 26.0994	 42.1628	       0
 26.0994	 46.7198	       0
 26.0994	 51.2767	       0
 26.0994	 55.8337	       0
 26.0994	 60.3907	       0
 26.0994	 64.9476	       0
 26.0994	 69.5046	       0
 26.0994	 74.0615	       0
 26.0994	 78.6185	       0
 26.0994	 83.1755	       0
 26.0994	 87.7324	       0
 26.0994	 92.2894	       0
 26.0994	 96.8464	       0
 26.0994	 101.403	       0
 26.0994	  105.96	       0
 26.0994	 110.517	       0
 26.0994	 115.074	       0
 26.0994	 119.631	       0
 26.0994	 124.188	       0
 26.0994	 128.745	       0
 26.0994	 133.302	       0
 26.0994	 137.859	       0
 26.0994	 142.416	       0
 26.0994	 146.973	       0
 26.0994	  151.53	       0
 26.0994	 156.087	       0
 26.0994	 160.644	       0
 26.0994	 165.201	       0
 26.0994	 169.758	       0
 26.0994	 174.315	       0
 26.0994	 178.872	       0
 28.0884	 4.10675	       0
 28.0884	 8.39247	       0
 28.0884	 12.6782	       0
 28.0884	 16.9639	       0
 28.0884	 21.2496	       0
 28.0884	 25.5353	       0
 28.0884	  29.821	       0
 28.0884	 34.1068	       0
 28.0884	 38.3925	       0
 28.0884	 42.6782	       0
 28.0884	 46.9639	       0
 28.0884	 51.2496	       0
 28.0884	 55.5353	       0
 28.0884	  59.821	       0
 28.0884	 64.1068	       0
 28.0884	 68.3925	       0
 28.0884	 72.6782	       0
 28.0884	 76.9639	       0
 28.0884	 81.2496	       0
 28.0884	 85.5353	       0
 28.0884	  89.821	       0
 28.0884	 94.1068	       0
 28.0884	 98.3925	       0
 28.0884	 102.678	       0
 28.0884	 106.964	       0
 28.0884	  111.25	       0
 28.0884	 115.535	       0
 28.0884	 119.821	       0
 28.0884	 124.107	       0
 28.0884	 128.392	       0
 28.0884	 132.678	       0
 28.0884	 136.964	       0
 28.0884	  141.25	       0
 28.0884	 145.535	       0
 28.0884	 149.821	       0
 28.0884	 154.107	       0
 28.0884	 158.392	       0
 28.0884	 162.678	       0
 28.0884	 166.964	       0
 28.0884	  171.25	       0
 28.0884	 175.535	       0
 28.0884	 179.821	       0
 30.0773	 2.53532	       0
 30.0773	 6.53532	       0
 30.0773	 10.5353	       0
 30.0773	 14.5353	       0
 30.0773	 18.5353	       0
 30.0773	 22.5353	       0
 30.0773	 26.5353	       0
 30.0773	 30.5353	       0
 30.0773	 34.5353	       0
 30.0773	 38.5353	       0
 30.0773	 42.5353	       0
 30.0773	 46.5353	       0
 30.0773	 50.5353	       0
 30.0773	 54.5353	       0
 30.0773	 58.5353	       0
 30.0773	 62.5353	       0
 30.0773	 66.5353	       0
 30.0773	 70.5353	       0
 30.0773	 74.5353	       0
 30.0773	 78.5353	       0
 30.0773	 82.5353	       0
 30.0773	 86.5353	       0
 30.0773	 90.5353	       0
 30.0773	 94.5353	       0
 30.0773	 98.5353	       0
 30.0773	 102.535	       0
 30.0773	 106.535	       0
 30.0773	 110.535	       0
 30.0773	 114.535	       0
 30.0773	 118.535	       0
 30.0773	 122.535	       0
 30.0773	 126.535	       0
 30.0773	 130.535	       0
 30.0773	 134.535	       0
 30.0773	 138.535	       0
 30.0773	 142.535	       0
 30.0773	 146.535	       0
 30.0773	 150.535	       0
 30.0773	 154.535	       0
 30.0773	 158.535	       0
 30.0773	 162.535	       0
 30.0773	 166.535	       0
 30.0773	 170.535	       0
 30.0773	 174.535	       0
 30.0773	 178.535	       0
 32.0794	 1.16032	       0
 32.0794	 4.91032	       0
 32.0794	 8.66032	       0
 32.0794	 12.4103	       0
 32.0794	 16.1603	       0
 32.0794	 19.9103	       0
 32.0794	 23.6603	       0
 32.0794	 27.4103	       0
 32.0794	 31.1603	       0
 32.0794	 34.9103	       0
 32.0794	 38.6603	       0
 32.0794	 42.4103	       0
 32.0794	 46.1603	       0
 32.0794	 49.9103	       0
 32.0794	 53.6603	       0
 32.0794	 57.4103	       0
 32.0794	 61.1603	       0
 32.0794	 64.9103	       0
 32.0794	 68.6603	       0
 32.0794	 72.4103	       0
 32.0794	 76.1603	       0
 32.0794	 79.9103	       0
 32.0794	 83.6603	       0
 32.0794	 87.4103	       0
 32.0794	 91.1603	       0
 32.0794	 94.9103	       0
 32.0794	 98.6603	       0
 32.0794	  102.41	       0
 32.0794	  106.16	       0
 32.0794	  109.91	       0
 32.0794	  113.66	       0
 32.0794	  117.41	       0
 32.0794	  121.16	       0
 32.0794	  124.91	       0
 32.0794	  128.66	       0
 32.0794	  132.41	       0
 32.0794	  136.16	       0
 32.0794	  139.91	       0
 32.0794	  143.66	       0
 32.0794	  147.41	       0
 32.0794	  151.16	       0
 32.0794	  154.91	       0
 32.0794	  158.66	       0
 32.0794	  162.41	       0
 32.0794	  166.16	       0
 32.0794	  169.91	       0
 32.0794	  173.66	       0
 32.0794	  177.41	       0
  34.085	0.065027	       0
  34.085	 3.62938	       0
  34.085	 7.19374	       0
  34.085	 10.7581	       0
  34.085	 14.3225	       0
  34.085	 17.8868	       0
  34.085	 21.4512	       0
  34.085	 25.0155	       0
  34.085	 28.5799	       0
  34.085	 32.1442	       0
  34.085	 35.7086	       0
  34.085	 39.2729	       0
  34.085	 42.8373	       0
  34.085	 46.4017	       0
  34.085	  49.966	       0
  34.085	 53.5304	       0
  34.085	 57.0947	       0
  34.085	 60.6591	       0
  34.085	 64.2234	       0
  34.085	 67.7878	       0
  34.085	 71.3522	       0
  34.085	 74.9165	       0
  34.085	 78.4809	       0
  34.085	 82.0452	       0
  34.085	 85.6096	       0
  34.085	 89.1739	       0
  34.085	 92.7383	       0
  34.085	 96.3027	       0
  34.085	  99.867	       0
  34.085	 103.431	       0
  34.085	 106.996	       0
  34.085	  110.56	       0
  34.085	 114.124	       0
  34.085	 117.689	       0
  34.085	 121.253	       0
  34.085	 124.818	       0
  34.085	 128.382	       0
  34.085	 131.946	       0
  34.085	 135.511	       0
  34.085	 139.075	       0
  34.085	 142.639	       0
  34.085	 146.204	       0
  34.085	 149.768	       0
  34.085	 153.332	       0
  34.085	 156.897	       0
  34.085	 160.461	       0
  34.085	 164.025	       0
  34.085	  167.59	       0
  34.085	 171.154	       0
  34.085	 174.718	       0
  34.085	 178.283	       0
 36.0769	 2.69586	       0
 36.0769	 6.12443	       0
 36.0769	   9.553	       0
 36.0769	 12.9816	       0
 36.0769	 16.4101	       0
 36.0769	 19.8387	       0
 36.0769	 23.2673	       0
 36.0769	 26.6959	       0
 36.0769	 30.1244	       0
 36.0769	  33.553	       0
 36.0769	 36.9816	       0
 36.0769	 40.4101	       0
 36.0769	 43.8387	       0
 36.0769	 47.2673	       0
 36.0769	 50.6959	       0
 36.0769	 54.1244	       0
 36.0769	  57.553	       0
 36.0769	 60.9816	       0
 36.0769	 64.4101	       0
 36.0769	 67.8387	       0
 36.0769	 71.2673	       0
 36.0769	 74.6959	       0
 36.0769	 78.1244	       0
 36.0769	  81.553	       0
 36.0769	 84.9816	       0
 36.0769	 88.4101	       0
 36.0769	 91.8387	       0
 36.0769	 95.2673	       0
 36.0769	 98.6959	       0
 36.0769	 102.124	       0
 36.0769	 105.553	       0
 36.0769	 108.982	       0
 36.0769	  112.41	       0
 36.0769	 115.839	       0
 36.0769	 119.267	       0
 36.0769	 122.696	       0
 36.0769	 126.124	       0
 36.0769	 129.553	       0
 36.0769	 132.982	       0
 36.0769	  136.41	       0
 36.0769	 139.839	       0
 36.0769	 143.267	       0
 36.0769	 146.696	       0
 36.0769	 150.124	       0
 36.0769	 153.553	       0
 36.0769	 156.982	       0
 36.0769	  160.41	       0
 36.0769	 163.839	       0
 36.0769	 167.267	       0
 36.0769	 170.696	       0
 36.0769	 174.124	       0
 36.0769	 177.553	       0
 38.0678	  1.4449	       0
 38.0678	 4.68814	       0
 38.0678	 7.93138	       0
 38.0678	 11.1746	       0
 38.0678	 14.4179	       0
 38.0678	 17.6611	       0
 38.0678	 20.9044	       0
 38.0678	 24.1476	       0
 38.0678	 27.3908	       0
 38.0678	 30.6341	       0
 38.0678	 33.8773	       0
 38.0678	 37.1206	       0
 38.0678	 40.3638	       0
 38.0678	 43.6071	       0
 38.0678	 46.8503	       0
 38.0678	 50.0935	       0
 38.0678	 53.3368	       0
 38.0678	   56.58	       0
 38.0678	 59.8233	       0
 38.0678	 63.0665	       0
 38.0678	 66.3098	       0
 38.0678	  69.553	       0
 38.0678	 72.7962	       0
 38.0678	 76.0395	       0
 38.0678	 79.2827	       0
 38.0678	  82.526	       0
 38.0678	 85.7692	       0
 38.0678	 89.0125	       0
 38.0678	 92.2557	       0
 38.0678	  95.499	       0
 38.0678	 98.7422	       0
 38.0678	 101.985	       0
 38.0678	 105.229	       0
 38.0678	 108.472	       0
 38.0678	 111.715	       0
 38.0678	 114.958	       0
 38.0678	 118.202	       0
 38.0678	 121.445	       0
 38.0678	 124.688	       0
 38.0678	 127.931	       0
 38.0678	 131.175	       0
 38.0678	 134.418	       0
 38.0678	 137.661	       0
 38.0678	 140.904	       0
 38.0678	 144.148	       0
 38.0678	 147.391	       0
 38.0678	 150.634	       0
 38.0678	 153.877	       0
 38.0678	 157.121	       0
 38.0678	 160.364	       0
 38.0678	 163.607	       0
 38.0678	  166.85	       0
 38.0678	 170.094	       0
 38.0678	 173.337	       0
 38.0678	  176.58	       0
 38.0678	 179.823	       0
 40.0692	0.480311	       0
 40.0692	 3.58376	       0
 40.0692	 6.68721	       0
 40.0692	 9.79066	       0
 40.0692	 12.8941	       0
 40.0692	 15.9976	       0
 40.0692	  19.101	       0
 40.0692	 22.2044	       0
 40.0692	 25.3079	       0
 40.0692	 28.4113	       0
 40.0692	 31.5148	       0
 40.0692	 34.6182	       0
 40.0692	 37.7217	       0
 40.0692	 40.8251	       0
 40.0692	 43.9286	       0
 40.0692	  47.032	       0
 40.0692	 50.1355	       0
 40.0692	 53.2389	       0
 40.0692	 56.3424	       0
 40.0692	 59.4458	       0
 40.0692	 62.5493	       0
 40.0692	 65.6527	       0
 40.0692	 68.7562	       0
 40.0692	 71.8596	       0
 40.0692	 74.9631	       0
 40.0692	 78.0665	       0
 40.0692	   81.17	       0
 40.0692	 84.2734	       0
 40.0692	 87.3769	       0
 40.0692	 90.4803	       0
 40.0692	 93.5838	       0
 40.0692	 96.6872	       0
 40.0692	 99.7907	       0
 40.0692	 102.894	       0
 40.0692	 105.998	       0
 40.0692	 109.101	       0
 40.0692	 112.204	       0
 40.0692	 115.308	       0
 40.0692	 118.411	       0
 40.0692	 121.515	       0
 40.0692	 124.618	       0
 40.0692	 127.722	       0
 40.0692	 130.825	       0
 40.0692	 133.929	       0
 40.0692	 137.032	       0
 40.0692	 140.135	       0
 40.0692	 143.239	       0
 40.0692	 146.342	       0
 40.0692	 149.446	       0
 40.0692	 152.549	       0
 40.0692	 155.653	       0
 40.0692	 158.756	       0
 40.0692	  161.86	       0
 40.0692	 164.963	       0
 40.0692	 168.067	       0
 40.0692	  171.17	       0
 40.0692	 174.273	       0
 40.0692	 177.377	       0
 42.0655	  2.8079	       0
 42.0655	  5.8079	       0
 42.0655	  8.8079	       0
 42.0655	 11.8079	       0
 42.0655	 14.8079	       0
 42.0655	 17.8079	       0
 42.0655	 20.8079	       0
 42.0655	 23.8079	       0
 42.0655	 26.8079	       0
 42.0655	 29.8079	       0
 42.0655	 32.8079	       0
 42.0655	 35.8079	       0
 42.0655	 38.8079	       0
 42.0655	 41.8079	       0
 42.0655	 44.8079	       0
 42.0655	 47.8079	       0
 42.0655	 50.8079	       0
 42.0655	 53.8079	       0
 42.0655	 56.8079	       0
 42.0655	 59.8079	       0
 42.0655	 62.8079	       0
 42.0655	 65.8079	       0
 42.0655	 68.8079	       0
 42.0655	 71.8079	       0
 42.0655	 74.8079	       0
 42.0655	 77.8079	       0
 42.0655	 80.8079	       0
 42.0655	 83.8079	       0
 42.0655	 86.8079	       0
 42.0655	 89.8079	       0
 42.0655	 92.8079	       0
 42.0655	 95.8079	       0
 42.0655	 98.8079	       0
 42.0655	 101.808	       0
 42.0655	 104.808	       0
 42.0655	 107.808	       0
 42.0655	 110.808	       0
 42.0655	 113.808	       0
 42.0655	 116.808	       0
 42.0655	 119.808	       0
 42.0655	 122.808	       0
 42.0655	 125.808	       0
 42.0655	 128.808	       0
 42.0655	 131.808	       0
 42.0655	 134.808	       0
 42.0655	 137.808	       0
 42.0655	 140.808	       0
 42.0655	 143.808	       0
 42.0655	 146.808	       0
 42.0655	 149.808	       0
 42.0655	 152.808	       0
 42.0655	 155.808	       0
 42.0655	 158.808	       0
 42.0655	 161.808	       0
 42.0655	 164.808	       0
 42.0655	 167.808	       0
 42.0655	 170.808	       0
 42.0655	 173.808	       0
 42.0655	 176.808	       0
 42.0655	 179.808	       0
 44.0594	  1.9079	       0
 44.0594	  4.7879	       0
 44.0594	  7.6679	       0
 44.0594	 10.5479	       0
 44.0594	 13.4279	       0
 44.0594	 16.3079	       0
 44.0594	 19.1879	       0
 44.0594	 22.0679	       0
 44.0594	 24.9479	       0
 44.0594	 27.8279	       0
 44.0594	 30.7079	       0
 44.0594	 33.5879	       0
 44.0594	 36.4679	       0
 44.0594	 39.3479	       0
 44.0594	 42.2279	       0
 44.0594	 45.1079	       0
 44.0594	 47.9879	       0
 44.0594	 50.8679	       0
 44.0594	 53.7479	       0
 44.0594	 56.6279	       0
 44.0594	 59.5079	       0
 44.0594	 62.3879	       0
 44.0594	 65.2679	       0
 44.0594	 68.1479	       0
 44.0594	 71.0279	       0
 44.0594	 73.9079	       0
 44.0594	 76.7879	       0
 44.0594	 79.6679	       0
 44.0594	 82.5479	       0
 44.0594	 85.4279	       0
 44.0594	 88.3079	       0
 44.0594	 91.1879	       0
 44.0594	 94.0679	       0
 44.0594	 96.9479	       0
 44.0594	 99.8279	       0
 44.0594	 102.708	       0
 44.0594	 105.588	       0
 44.0594	 108.468	       0
 44.0594	 111.348	       0
 44.0594	 114.228	       0
 44.0594	 117.108	       0
 44.0594	 119.988	       0
 44.0594	 122.868	       0
 44.0594	 125.748	       0
 44.0594	 128.628	       0
 44.0594	 131.508	       0
 44.0594	 134.388	       0
 44.0594	 137.268	       0
 44.0594	 140.148	       0
 44.0594	 143.028	       0
 44.0594	 145.908	       0
 44.0594	 148.788	       0
 44.0594	 151.668	       0
 44.0594	 154.548	       0
 44.0594	 157.428	       0
 44.0594	 160.308	       0
 44.0594	 163.188	       0
 44.0594	 166.068	       0
 44.0594	 168.948	       0
 44.0594	 171.828	       0
 44.0594	 174.708	       0
 44.0594	 177.588	       0
 46.0611	 1.07713	       0
 46.0611	 3.84636	       0
 46.0611	 6.61559	       0
 46.0611	 9.38482	       0
 46.0611	 12.1541	       0
 46.0611	 14.9233	       0
 46.0611	 17.6925	       0
 46.0611	 20.4617	       0
 46.0611	  23.231	       0
 46.0611	 26.0002	       0
 46.0611	 28.7694	       0
 46.0611	 31.5387	       0
 46.0611	 34.3079	       0
 46.0611	 37.0771	       0
 46.0611	 39.8464	       0
 46.0611	 42.6156	       0
 46.0611	 45.3848	       0
 46.0611	 48.1541	       0
 46.0611	 50.9233	       0
 46.0611	 53.6925	       0
 46.0611	 56.4617	       0
 46.0611	  59.231	       0
 46.0611	 62.0002	       0
 46.0611	 64.7694	       0
 46.0611	 67.5387	       0
 46.0611	 70.3079	       0
 46.0611	 73.0771	       0
 46.0611	 75.8464	       0
 46.0611	 78.6156	       0
 46.0611	 81.3848	       0
 46.0611	 84.1541	       0
 46.0611	 86.9233	       0
 46.0611	 89.6925	       0
 46.0611	 92.4617	       0
 46.0611	  95.231	       0
 46.0611	 98.0002	       0
 46.0611	 100.769	       0
 46.0611	 103.539	       0
 46.0611	 106.308	       0
 46.0611	 109.077	       0
 46.0611	 111.846	       0
 46.0611	 114.616	       0
 46.0611	 117.385	       0
 46.0611	 120.154	       0
 46.0611	 122.923	       0
 46.0611	 125.693	       0
 46.0611	 128.462	       0
 46.0611	 131.231	       0
 46.0611	     134	       0
 46.0611	 136.769	       0
 46.0611	 139.539	       0
 46.0611	 142.308	       0
 46.0611	 145.077	       0
 46.0611	 147.846	       0
 46.0611	 150.616	       0
 46.0611	 153.385	       0
 46.0611	 156.154	       0
 46.0611	 158.923	       0
 46.0611	 161.693	       0
 46.0611	 164.462	       0
 46.0611	 167.231	       0
 46.0611	     170	       0
 46.0611	 172.769	       0
 46.0611	 175.539	       0
 46.0611	 178.308	       0
  48.065	0.436485	       0
  48.065	 3.12305	       0
  48.065	 5.80962	       0
  48.065	 8.49619	       0
  48.065	 11.1828	       0
  48.065	 13.8693	       0
  48.065	 16.5559	       0
  48.065	 19.2425	       0
  48.065	  21.929	       0
  48.065	 24.6156	       0
  48.065	 27.3022	       0
  48.065	 29.9887	       0
  48.065	 32.6753	       0
  48.065	 35.3619	       0
  48.065	 38.0484	       0
  48.065	  40.735	       0
  48.065	 43.4216	       0
  48.065	 46.1081	       0
  48.065	 48.7947	       0
  48.065	 51.4813	       0
  48.065	 54.1678	       0
  48.065	 56.8544	       0
  48.065	  59.541	       0
  48.065	 62.2275	       0
  48.065	 64.9141	       0
  48.065	 67.6007	       0
  48.065	 70.2872	       0
  48.065	 72.9738	       0
  48.065	 75.6604	       0
  48.065	 78.3469	       0
  48.065	 81.0335	       0
  48.065	 83.7201	       0
  48.065	 86.4066	       0
  48.065	 89.0932	       0
  48.065	 91.7798	       0
  48.065	 94.4663	       0
  48.065	 97.1529	       0
  48.065	 99.8395	       0
  48.065	 102.526	       0
  48.065	 105.213	       0
  48.065	 107.899	       0
  48.065	 110.586	       0
  48.065	 113.272	       0
  48.065	 115.959	       0
  48.065	 118.645	       0
  48.065	 121.332	       0
  48.065	 124.019	       0
  48.065	 126.705	       0
  48.065	 129.392	       0
  48.065	 132.078	       0
  48.065	 134.765	       0
  48.065	 137.451	       0
  48.065	 140.138	       0
  48.065	 142.825	       0
  48.065	 145.511	       0
  48.065	 148.198	       0
  48.065	 150.884	       0
  48.065	 153.571	       0
  48.065	 156.257	       0
  48.065	 158.944	       0
  48.065	 161.631	       0
  48.065	 164.317	       0
  48.065	 167.004	       0
  48.065	  169.69	       0
  48.065	 172.377	       0
  48.065	 175.063	       0
  48.065	  177.75	       0
 50.0585	 2.60339	       0
 50.0585	 5.23112	       0
 50.0585	 7.85886	       0
 50.0585	 10.4866	       0
 50.0585	 13.1143	       0
 50.0585	 15.7421	       0
 50.0585	 18.3698	       0
 50.0585	 20.9975	       0
 50.0585	 23.6253	       0
 50.0585	  26.253	       0
 50.0585	 28.8808	       0
 50.0585	 31.5085	       0
 50.0585	 34.1362	       0
 50.0585	  36.764	       0
 50.0585	 39.3917	       0
 50.0585	 42.0194	       0
 50.0585	 44.6472	       0
 50.0585	 47.2749	       0
 50.0585	 49.9027	       0
 50.0585	 52.5304	       0
 50.0585	 55.1581	       0
 50.0585	 57.7859	       0
 50.0585	 60.4136	       0
 50.0585	 63.0413	       0
 50.0585	 65.6691	       0
 50.0585	 68.2968	       0
 50.0585	 70.9246	       0
 50.0585	 73.5523	       0
 50.0585	   76.18	       0
 50.0585	 78.8078	       0
 50.0585	 81.4355	       0
 50.0585	 84.0632	       0
 50.0585	  86.691	       0
 50.0585	 89.3187	       0
 50.0585	 91.9465	       0
 50.0585	 94.5742	       0
 50.0585	 97.2019	       0
 50.0585	 99.8297	       0
 50.0585	 102.457	       0
 50.0585	 105.085	       0
 50.0585	 107.713	       0
 50.0585	 110.341	       0
 50.0585	 112.968	       0
 50.0585	 115.596	       0
 50.0585	 118.224	       0
 50.0585	 120.852	       0
 50.0585	 123.479	       0
 50.0585	 126.107	       0
 50.0585	 128.735	       0
 50.0585	 131.363	       0
 50.0585	  133.99	       0
 50.0585	 136.618	       0
 50.0585	 139.246	       0
 50.0585	 141.873	       0
 50.0585	 144.501	       0
 50.0585	 147.129	       0
 50.0585	 149.757	       0
 50.0585	 152.384	       0
 50.0585	 155.012	       0
 50.0585	  157.64	       0
 50.0585	 160.268	       0
 50.0585	 162.895	       0
 50.0585	 165.523	       0
 50.0585	 168.151	       0
 50.0585	 170.779	       0
 50.0585	 173.406	       0
 50.0585	 176.034	       0
 50.0585	 178.662	       0
 52.0518	 1.77991	       0
 52.0518	 4.31512	       0
 52.0518	 6.85033	       0
 52.0518	 9.38554	       0
 52.0518	 11.9208	       0
 52.0518	  14.456	       0
 52.0518	 16.9912	       0
 52.0518	 19.5264	       0
 52.0518	 22.0616	       0
 52.0518	 24.5968	       0
 52.0518	  27.132	       0
 52.0518	 29.6672	       0
 52.0518	 32.2024	       0
 52.0518	 34.7377	       0
 52.0518	 37.2729	       0
 52.0518	 39.8081	       0
 52.0518	 42.3433	       0
 52.0518	 44.8785	       0
 52.0518	 47.4137	       0
 52.0518	 49.9489	       0
 52.0518	 52.4841	       0
 52.0518	 55.0193	       0
 52.0518	 57.5546	       0
 52.0518	 60.0898	       0
 52.0518	  62.625	       0
 52.0518	 65.1602	       0
 52.0518	 67.6954	       0
 52.0518	 70.2306	       0
 52.0518	 72.7658	       0
 52.0518	  75.301	       0
 52.0518	 77.8362	       0
 52.0518	 80.3715	       0
 52.0518	 82.9067	       0
 52.0518	 85.4419	       0
 52.0518	 87.9771	       0
 52.0518	 90.5123	       0
 52.0518	 93.0475	       0
 52.0518	 95.5827	       0
 52.0518	 98.1179	       0
 52.0518	 100.653	       0
 52.0518	 103.188	       0
 52.0518	 105.724	       0
 52.0518	 108.259	       0
 52.0518	 110.794	       0
 52.0518	 113.329	       0
 52.0518	 115.864	       0
 52.0518	   118.4	       0
 52.0518	 120.935	       0
 52.0518	  123.47	       0
 52.0518	 126.005	       0
 52.0518	  128.54	       0
 52.0518	 131.076	       0
 52.0518	 133.611	       0
 52.0518	 136.146	       0
 52.0518	 138.681	       0
 52.0518	 141.217	       0
 52.0518	 143.752	       0
 52.0518	 146.287	       0
 52.0518	 148.822	       0
 52.0518	 151.357	       0
 52.0518	 153.893	       0
 52.0518	 156.428	       0
 52.0518	 158.963	       0
 52.0518	 161.498	       0
 52.0518	 164.033	       0
 52.0518	 166.569	       0
 52.0518	 169.104	       0
 52.0518	 171.639	       0
 52.0518	 174.174	       0
 52.0518	 176.709	       0
 52.0518	 179.245	       0
 54.0543	 1.17215	       0
 54.0543	  3.6379	       0
 54.0543	 6.10366	       0
 54.0543	 8.56941	       0
 54.0543	 11.0352	       0
 54.0543	 13.5009	       0
 54.0543	 15.9667	       0
 54.0543	 18.4324	       0
 54.0543	 20.8982	       0
 54.0543	 23.3639	       0
 54.0543	 25.8297	       0
 54.0543	 28.2954	       0
 54.0543	 30.7612	       0
 54.0543	 33.2269	       0
 54.0543	 35.6927	       0
 54.0543	 38.1585	       0
 54.0543	 40.6242	       0
 54.0543	   43.09	       0
 54.0543	 45.5557	       0
 54.0543	 48.0215	       0
 54.0543	 50.4872	       0
 54.0543	  52.953	       0
 54.0543	 55.4187	       0
 54.0543	 57.8845	       0
 54.0543	 60.3502	       0
 54.0543	  62.816	       0
 54.0543	 65.2817	       0
 54.0543	 67.7475	       0
 54.0543	 70.2132	       0
 54.0543	  72.679	       0
 54.0543	 75.1448	       0
 54.0543	 77.6105	       0
 54.0543	 80.0763	       0
 54.0543	  82.542	       0
 54.0543	 85.0078	       0
 54.0543	 87.4735	       0
 54.0543	 89.9393	       0
 54.0543	  92.405	       0
 54.0543	 94.8708	       0
 54.0543	 97.3365	       0
 54.0543	 99.8023	       0
 54.0543	 102.268	       0
 54.0543	 104.734	       0
 54.0543	   107.2	       0
 54.0543	 109.665	       0
 54.0543	 112.131	       0
 54.0543	 114.597	       0
 54.0543	 117.063	       0
 54.0543	 119.528	       0
 54.0543	 121.994	       0
 54.0543	  124.46	       0
 54.0543	 126.926	       0
 54.0543	 129.391	       0
 54.0543	 131.857	       0
 54.0543	 134.323	       0
 54.0543	 136.789	       0
 54.0543	 139.254	       0
 54.0543	  141.72	       0
 54.0543	 144.186	       0
 54.0543	 146.652	       0
 54.0543	 149.117	       0
 54.0543	 151.583	       0
 54.0543	 154.049	       0
 54.0543	 156.515	       0
 54.0543	  158.98	       0
 54.0543	 161.446	       0
 54.0543	 163.912	       0
 54.0543	 166.378	       0
 54.0543	 168.843	       0
 54.0543	 171.309	       0
 54.0543	 173.775	       0
 54.0543	 176.241	       0
 54.0543	 178.706	       0
 56.0541	0.733611	       0
 56.0541	 3.14972	       0
 56.0541	 5.56583	       0
 56.0541	 7.98193	       0
 56.0541	  10.398	       0
 56.0541	 12.8141	       0
 56.0541	 15.2303	       0
 56.0541	 17.6464	       0
 56.0541	 20.0625	       0
 56.0541	 22.4786	       0
 56.0541	 24.8947	       0
 56.0541	 27.3108	       0
 56.0541	 29.7269	       0
 56.0541	  32.143	       0
 56.0541	 34.5591	       0
 56.0541	 36.9752	       0
 56.0541	 39.3913	       0
 56.0541	 41.8074	       0
 56.0541	 44.2235	       0
 56.0541	 46.6397	       0
 56.0541	 49.0558	       0
 56.0541	 51.4719	       0
 56.0541	  53.888	       0
 56.0541	 56.3041	       0
 56.0541	 58.7202	       0
 56.0541	 61.1363	       0
 56.0541	 63.5524	       0
 56.0541	 65.9685	       0
 56.0541	 68.3846	       0
 56.0541	 70.8007	       0
 56.0541	 73.2168	       0
 56.0541	 75.6329	       0
 56.0541	  78.049	       0
 56.0541	 80.4652	       0
 56.0541	 82.8813	       0
 56.0541	 85.2974	       0
 56.0541	 87.7135	       0
 56.0541	 90.1296	       0
 56.0541	 92.5457	       0
 56.0541	 94.9618	       0
 56.0541	 97.3779	       0
 56.0541	  99.794	       0
 56.0541	  102.21	       0
 56.0541	 104.626	       0
 56.0541	 107.042	       0
 56.0541	 109.458	       0
 56.0541	 111.875	       0
 56.0541	 114.291	       0
 56.0541	 116.707	       0
 56.0541	 119.123	       0
 56.0541	 121.539	       0
 56.0541	 123.955	       0
 56.0541	 126.371	       0
 56.0541	 128.787	       0
 56.0541	 131.203	       0
 56.0541	  133.62	       0
 56.0541	 136.036	       0
 56.0541	 138.452	       0
 56.0541	 140.868	       0
 56.0541	 143.284	       0
 56.0541	   145.7	       0
 56.0541	 148.116	       0
 56.0541	 150.532	       0
 56.0541	 152.948	       0
 56.0541	 155.364	       0
 56.0541	 157.781	       0
 56.0541	 160.197	       0
 56.0541	 162.613	       0
 56.0541	 165.029	       0
 56.0541	 167.445	       0
 56.0541	 169.861	       0
 56.0541	 172.277	       0
 56.0541	 174.693	       0
 56.0541	 177.109	       0
 56.0541	 179.526	       0
 58.0474	0.312381	       0
 58.0474	  2.6808	       0
 58.0474	 5.04922	       0
 58.0474	 7.41764	       0
 58.0474	 9.78607	       0
 58.0474	 12.1545	       0
 58.0474	 14.5229	       0
 58.0474	 16.8913	       0
 58.0474	 19.2597	       0
 58.0474	 21.6282	       0
 58.0474	 23.9966	       0
 58.0474	  26.365	       0
 58.0474	 28.7334	       0
 58.0474	 31.1019	       0
 58.0474	 33.4703	       0
 58.0474	 35.8387	       0
 58.0474	 38.2071	       0
 58.0474	 40.5755	       0
 58.0474	  42.944	       0
 58.0474	 45.3124	       0
 58.0474	 47.6808	       0
 58.0474	 50.0492	       0
 58.0474	 52.4176	       0
 58.0474	 54.7861	       0
 58.0474	 57.1545	       0
 58.0474	 59.5229	       0
 58.0474	 61.8913	       0
 58.0474	 64.2597	       0
 58.0474	 66.6282	       0
 58.0474	 68.9966	       0
 58.0474	  71.365	       0
 58.0474	 73.7334	       0
 58.0474	 76.1019	       0
 58.0474	 78.4703	       0
 58.0474	 80.8387	       0
 58.0474	 83.2071	       0
 58.0474	 85.5755	       0
 58.0474	  87.944	       0
 58.0474	 90.3124	       0
 58.0474	 92.6808	       0
 58.0474	 95.0492	       0
 58.0474	 97.4176	       0
 58.0474	 99.7861	       0
 58.0474	 102.154	       0
 58.0474	 104.523	       0
 58.0474	 106.891	       0
 58.0474	  109.26	       0
 58.0474	 111.628	       0
 58.0474	 113.997	       0
 58.0474	 116.365	       0
 58.0474	 118.733	       0
 58.0474	 121.102	       0
 58.0474	  123.47	       0
 58.0474	 125.839	       0
 58.0474	 128.207	       0
 58.0474	 130.576	       0
 58.0474	 132.944	       0
 58.0474	 135.312	       0
 58.0474	 137.681	       0
 58.0474	 140.049	       0
 58.0474	 142.418	       0
 58.0474	 144.786	       0
 58.0474	 147.154	       0
 58.0474	 149.523	       0
 58.0474	 151.891	       0
 58.0474	  154.26	       0
 58.0474	 156.628	       0
 58.0474	 158.997	       0
 58.0474	 161.365	       0
 58.0474	 163.733	       0
 58.0474	 166.102	       0
 58.0474	  168.47	       0
 58.0474	 170.839	       0
 58.0474	 173.207	       0
 58.0474	 175.576	       0
 58.0474	 177.944	       0
 60.0431	 2.10388	       0
 60.0431	 4.41157	       0
 60.0431	 6.71926	       0
 60.0431	 9.02696	       0
 60.0431	 11.3346	       0
 60.0431	 13.6423	       0
 60.0431	   15.95	       0
 60.0431	 18.2577	       0
 60.0431	 20.5654	       0
 60.0431	 22.8731	       0
 60.0431	 25.1808	       0
 60.0431	 27.4885	       0
 60.0431	 29.7962	       0
 60.0431	 32.1039	       0
 60.0431	 34.4116	       0
 60.0431	 36.7193	       0
 60.0431	  39.027	       0
 60.0431	 41.3346	       0
 60.0431	 43.6423	       0
 60.0431	   45.95	       0
 60.0431	 48.2577	       0
 60.0431	 50.5654	       0
 60.0431	 52.8731	       0
 60.0431	 55.1808	       0
 60.0431	 57.4885	       0
 60.0431	 59.7962	       0
 60.0431	 62.1039	       0
 60.0431	 64.4116	       0
 60.0431	 66.7193	       0
 60.0431	  69.027	       0
 60.0431	 71.3346	       0
 60.0431	 73.6423	       0
 60.0431	   75.95	       0
 60.0431	 78.2577	       0
 60.0431	 80.5654	       0
 60.0431	 82.8731	       0
 60.0431	 85.1808	       0
 60.0431	 87.4885	       0
 60.0431	 89.7962	       0
 60.0431	 92.1039	       0
 60.0431	 94.4116	       0
 60.0431	 96.7193	       0
 60.0431	  99.027	       0
 60.0431	 101.335	       0
 60.0431	 103.642	       0
 60.0431	  105.95	       0
 60.0431	 108.258	       0
 60.0431	 110.565	       0
 60.0431	 112.873	       0
 60.0431	 115.181	       0
 60.0431	 117.488	       0
 60.0431	 119.796	       0
 60.0431	 122.104	       0
 60.0431	 124.412	       0
 60.0431	 126.719	       0
 60.0431	 129.027	       0
 60.0431	 131.335	       0
 60.0431	 133.642	       0
 60.0431	  135.95	       0
 60.0431	 138.258	       0
 60.0431	 140.565	       0
 60.0431	 142.873	       0
 60.0431	 145.181	       0
 60.0431	 147.488	       0
 60.0431	 149.796	       0
 60.0431	 152.104	       0
 60.0431	 154.412	       0
 60.0431	 156.719	       0
 60.0431	 159.027	       0
 60.0431	 161.335	       0
 60.0431	 163.642	       0
 60.0431	  165.95	       0
 60.0431	 168.258	       0
 60.0431	 170.565	       0
 60.0431	 172.873	       0
 60.0431	 175.181	       0
 60.0431	 177.488	       0
 60.0431	 179.796	       0
 62.0436	 1.69024	       0
 62.0436	 3.95439	       0
 62.0436	 6.21854	       0
 62.0436	 8.48269	       0
 62.0436	 10.7468	       0
 62.0436	  13.011	       0
 62.0436	 15.2751	       0
 62.0436	 17.5393	       0
 62.0436	 19.8034	       0
 62.0436	 22.0676	       0
 62.0436	 24.3317	       0
 62.0436	 26.5959	       0
 62.0436	   28.86	       0
 62.0436	 31.1242	       0
 62.0436	 33.3883	       0
 62.0436	 35.6525	       0
 62.0436	 37.9167	       0
 62.0436	 40.1808	       0
 62.0436	  42.445	       0
 62.0436	 44.7091	       0
 62.0436	 46.9733	       0
 62.0436	 49.2374	       0
 62.0436	 51.5016	       0
 62.0436	 53.7657	       0
 62.0436	 56.0299	       0
 62.0436	  58.294	       0
 62.0436	 60.5582	       0
 62.0436	 62.8223	       0
 62.0436	 65.0865	       0
 62.0436	 67.3506	       0
 62.0436	 69.6148	       0
 62.0436	 71.8789	       0
 62.0436	 74.1431	       0
 62.0436	 76.4072	       0
 62.0436	 78.6714	       0
 62.0436	 80.9355	       0
 62.0436	 83.1997	       0
 62.0436	 85.4638	       0
 62.0436	  87.728	       0
 62.0436	 89.9921	       0
 62.0436	 92.2563	       0
 62.0436	 94.5204	       0
 62.0436	 96.7846	       0
 62.0436	 99.0487	       0
 62.0436	 101.313	       0
 62.0436	 103.577	       0
 62.0436	 105.841	       0
 62.0436	 108.105	       0
 62.0436	 110.369	       0
 62.0436	 112.634	       0
 62.0436	 114.898	       0
 62.0436	 117.162	       0
 62.0436	 119.426	       0
 62.0436	  121.69	       0
 62.0436	 123.954	       0
 62.0436	 126.219	       0
 62.0436	 128.483	       0
 62.0436	 130.747	       0
 62.0436	 133.011	       0
 62.0436	 135.275	       0
 62.0436	 137.539	       0
 62.0436	 139.803	       0
 62.0436	 142.068	       0
 62.0436	 144.332	       0
 62.0436	 146.596	       0
 62.0436	  148.86	       0
 62.0436	 151.124	       0
 62.0436	 153.388	       0
 62.0436	 155.653	       0
 62.0436	 157.917	       0
 62.0436	 160.181	       0
 62.0436	 162.445	       0
 62.0436	 164.709	       0
 62.0436	 166.973	       0
 62.0436	 169.237	       0
 62.0436	 171.502	       0
 62.0436	 173.766	       0
 62.0436	  176.03	       0
 62.0436	 178.294	       0
 64.0386	 1.41601	       0
 64.0386	 3.65203	       0
 64.0386	 5.88806	       0
 64.0386	 8.12408	       0
 64.0386	 10.3601	       0
 64.0386	 12.5961	       0
 64.0386	 14.8322	       0
 64.0386	 17.0682	       0
 64.0386	 19.3042	       0
 64.0386	 21.5402	       0
 64.0386	 23.7763	       0
 64.0386	 26.0123	       0
 64.0386	 28.2483	       0
 64.0386	 30.4843	       0
 64.0386	 32.7204	       0
 64.0386	 34.9564	       0
 64.0386	 37.1924	       0
 64.0386	 39.4284	       0
 64.0386	 41.6645	       0
 64.0386	 43.9005	       0
 64.0386	 46.1365	       0
 64.0386	 48.3725	       0
 64.0386	 50.6086	       0
 64.0386	 52.8446	       0
 64.0386	 55.0806	       0
 64.0386	 57.3166	       0
 64.0386	 59.5527	       0
 64.0386	 61.7887	       0
 64.0386	 64.0247	       0
 64.0386	 66.2607	       0
 64.0386	 68.4968	       0
 64.0386	 70.7328	       0
 64.0386	 72.9688	       0
 64.0386	 75.2048	       0
 64.0386	 77.4409	       0
 64.0386	 79.6769	       0
 64.0386	 81.9129	       0
 64.0386	 84.1489	       0
 64.0386	  86.385	       0
 64.0386	  88.621	       0
 64.0386	  90.857	       0
 64.0386	  93.093	       0
 64.0386	 95.3291	       0
 64.0386	 97.5651	       0
 64.0386	 99.8011	       0
 64.0386	 102.037	       0
 64.0386	 104.273	       0
 64.0386	 106.509	       0
 64.0386	 108.745	       0
 64.0386	 110.981	       0
 64.0386	 113.217	       0
 64.0386	 115.453	       0
 64.0386	 117.689	       0
 64.0386	 119.925	       0
 64.0386	 122.161	       0
 64.0386	 124.397	       0
 64.0386	 126.633	       0
 64.0386	 128.869	       0
 64.0386	 131.105	       0
 64.0386	 133.341	       0
 64.0386	 135.577	       0
 64.0386	 137.814	       0
 64.0386	  140.05	       0
 64.0386	 142.286	       0
 64.0386	 144.522	       0
 64.0386	 146.758	       0
 64.0386	 148.994	       0
 64.0386	  151.23	       0
 64.0386	 153.466	       0
 64.0386	 155.702	       0
 64.0386	 157.938	       0
 64.0386	 160.174	       0
 64.0386	  162.41	       0
 64.0386	 164.646	       0
 64.0386	 166.882	       0
 64.0386	 169.118	       0
 64.0386	 171.354	       0
 64.0386	  173.59	       0
 64.0386	 175.826	       0
 64.0386	 178.062	       0
 66.0306	  1.0138	       0
 66.0306	 3.20892	       0
 66.0306	 5.40404	       0
 66.0306	 7.59916	       0
 66.0306	 9.79428	       0
 66.0306	 11.9894	       0
 66.0306	 14.1845	       0
 66.0306	 16.3796	       0
 66.0306	 18.5748	       0
 66.0306	 20.7699	       0
 66.0306	  22.965	       0
 66.0306	 25.1601	       0
 66.0306	 27.3553	       0
 66.0306	 29.5504	       0
 66.0306	 31.7455	       0
 66.0306	 33.9406	       0
 66.0306	 36.1357	       0
 66.0306	 38.3309	       0
 66.0306	  40.526	       0
 66.0306	 42.7211	       0
 66.0306	 44.9162	       0
 66.0306	 47.1114	       0
 66.0306	 49.3065	       0
 66.0306	 51.5016	       0
 66.0306	 53.6967	       0
 66.0306	 55.8918	       0
 66.0306	  58.087	       0
 66.0306	 60.2821	       0
 66.0306	 62.4772	       0
 66.0306	 64.6723	       0
 66.0306	 66.8675	       0
 66.0306	 69.0626	       0
 66.0306	 71.2577	       0
 66.0306	 73.4528	       0
 66.0306	 75.6479	       0
 66.0306	 77.8431	       0
 66.0306	 80.0382	       0
 66.0306	 82.2333	       0
 66.0306	 84.4284	       0
 66.0306	 86.6236	       0
 66.0306	 88.8187	       0
 66.0306	 91.0138	       0
 66.0306	 93.2089	       0
 66.0306	  95.404	       0
 66.0306	 97.5992	       0
 66.0306	 99.7943	       0
 66.0306	 101.989	       0
 66.0306	 104.185	       0
 66.0306	  106.38	       0
 66.0306	 108.575	       0
 66.0306	  110.77	       0
 66.0306	 112.965	       0
 66.0306	  115.16	       0
 66.0306	 117.355	       0
 66.0306	  119.55	       0
 66.0306	 121.746	       0
 66.0306	 123.941	       0
 66.0306	 126.136	       0
 66.0306	 128.331	       0
 66.0306	 130.526	       0
 66.0306	 132.721	       0
 66.0306	 134.916	       0
 66.0306	 137.111	       0
 66.0306	 139.306	       0
 66.0306	 141.502	       0
 66.0306	 143.697	       0
 66.0306	 145.892	       0
 66.0306	 148.087	       0
 66.0306	 150.282	       0
 66.0306	 152.477	       0
 66.0306	 154.672	       0
 66.0306	 156.867	       0
 66.0306	 159.063	       0
 66.0306	 161.258	       0
 66.0306	 163.453	       0
 66.0306	 165.648	       0
 66.0306	 167.843	       0
 66.0306	 170.038	       0
 66.0306	 172.233	       0
 66.0306	 174.428	       0
 66.0306	 176.624	       0
 66.0306	 178.819	       0
 68.0283	0.626034	       0
 68.0283	 2.78172	       0
 68.0283	 4.93741	       0
 68.0283	  7.0931	       0
 68.0283	 9.24879	       0
 68.0283	 11.4045	       0
 68.0283	 13.5602	       0
 68.0283	 15.7159	       0
 68.0283	 17.8715	       0
 68.0283	 20.0272	       0
 68.0283	 22.1829	       0
 68.0283	 24.3386	       0
 68.0283	 26.4943	       0
 68.0283	   28.65	       0
 68.0283	 30.8057	       0
 68.0283	 32.9614	       0
 68.0283	 35.1171	       0
 68.0283	 37.2727	       0
 68.0283	 39.4284	       0
 68.0283	 41.5841	       0
 68.0283	 43.7398	       0
 68.0283	 45.8955	       0
 68.0283	 48.0512	       0
 68.0283	 50.2069	       0
 68.0283	 52.3626	       0
 68.0283	 54.5182	       0
 68.0283	 56.6739	       0
 68.0283	 58.8296	       0
 68.0283	 60.9853	       0
 68.0283	  63.141	       0
 68.0283	 65.2967	       0
 68.0283	 67.4524	       0
 68.0283	 69.6081	       0
 68.0283	 71.7638	       0
 68.0283	 73.9194	       0
 68.0283	 76.0751	       0
 68.0283	 78.2308	       0
 68.0283	 80.3865	       0
 68.0283	 82.5422	       0
 68.0283	 84.6979	       0
 68.0283	 86.8536	       0
 68.0283	 89.0093	       0
 68.0283	  91.165	       0
 68.0283	 93.3206	       0
 68.0283	 95.4763	       0
 68.0283	  97.632	       0
 68.0283	 99.7877	       0
 68.0283	 101.943	       0
 68.0283	 104.099	       0
 68.0283	 106.255	       0
 68.0283	  108.41	       0
 68.0283	 110.566	       0
 68.0283	 112.722	       0
 68.0283	 114.878	       0
 68.0283	 117.033	       0
 68.0283	 119.189	       0
 68.0283	 121.345	       0
 68.0283	   123.5	       0
 68.0283	 125.656	       0
 68.0283	 127.812	       0
 68.0283	 129.967	       0
 68.0283	 132.123	       0
 68.0283	 134.279	       0
 68.0283	 136.434	       0
 68.0283	  138.59	       0
 68.0283	 140.746	       0
 68.0283	 142.901	       0
 68.0283	 145.057	       0
 68.0283	 147.213	       0
 68.0283	 149.369	       0
 68.0283	 151.524	       0
 68.0283	  153.68	       0
 68.0283	 155.836	       0
 68.0283	 157.991	       0
 68.0283	 160.147	       0
 68.0283	 162.303	       0
 68.0283	 164.458	       0
 68.0283	 166.614	       0
 68.0283	  168.77	       0
 68.0283	 170.925	       0
 68.0283	 173.081	       0
 68.0283	 175.237	       0
 68.0283	 177.393	       0
 68.0283	 179.548	       0
 70.0279	0.377301	       0
 70.0279	 2.50748	       0
 70.0279	 4.63766	       0
 70.0279	 6.76783	       0
 70.0279	 8.89801	       0
 70.0279	 11.0282	       0
 70.0279	 13.1584	       0
 70.0279	 15.2885	       0
 70.0279	 17.4187	       0
 70.0279	 19.5489	       0
 70.0279	 21.6791	       0
 70.0279	 23.8093	       0
 70.0279	 25.9394	       0
 70.0279	 28.0696	       0
 70.0279	 30.1998	       0
 70.0279	   32.33	       0
 70.0279	 34.4601	       0
 70.0279	 36.5903	       0
 70.0279	 38.7205	       0
 70.0279	 40.8507	       0
 70.0279	 42.9809	       0
 70.0279	  45.111	       0
 70.0279	 47.2412	       0
 70.0279	 49.3714	       0
 70.0279	 51.5016	       0
 70.0279	 53.6317	       0
 70.0279	 55.7619	       0
 70.0279	 57.8921	       0
 70.0279	 60.0223	       0
 70.0279	 62.1524	       0
 70.0279	 64.2826	       0
 70.0279	 66.4128	       0
 70.0279	  68.543	       0
 70.0279	 70.6732	       0
 70.0279	 72.8033	       0
 70.0279	 74.9335	       0
 70.0279	 77.0637	       0
 70.0279	 79.1939	       0
 70.0279	  81.324	       0
 70.0279	 83.4542	       0
 70.0279	 85.5844	       0
 70.0279	 87.7146	       0
 70.0279	 89.8448	       0
 70.0279	 91.9749	       0
 70.0279	 94.1051	       0
 70.0279	 96.2353	       0
 70.0279	 98.3655	       0
 70.0279	 100.496	       0
 70.0279	 102.626	       0
 70.0279	 104.756	       0
 70.0279	 106.886	       0
 70.0279	 109.016	       0
 70.0279	 111.147	       0
 70.0279	 113.277	       0
 70.0279	 115.407	       0
 70.0279	 117.537	       0
 70.0279	 119.667	       0
 70.0279	 121.797	       0
 70.0279	 123.928	       0
 70.0279	 126.058	       0
 70.0279	 128.188	       0
 70.0279	 130.318	       0
 70.0279	 132.448	       0
 70.0279	 134.578	       0
 70.0279	 136.709	       0
 70.0279	 138.839	       0
 70.0279	 140.969	       0
 70.0279	 143.099	       0
 70.0279	 145.229	       0
 70.0279	  147.36	       0
 70.0279	  149.49	       0
 70.0279	  151.62	       0
 70.0279	  153.75	       0
 70.0279	  155.88	       0
 70.0279	  158.01	       0
 70.0279	 160.141	       0
 70.0279	 162.271	       0
 70.0279	 164.401	       0
 70.0279	 166.531	       0
 70.0279	 168.661	       0
 70.0279	 170.792	       0
 70.0279	 172.922	       0
 70.0279	 175.052	       0
 70.0279	 177.182	       0
 70.0279	 179.312	       0
 72.0258	0.134386	       0
 72.0258	 2.23965	       0
 72.0258	 4.34491	       0
 72.0258	 6.45018	       0
 72.0258	 8.55544	       0
 72.0258	 10.6607	       0
 72.0258	  12.766	       0
 72.0258	 14.8712	       0
 72.0258	 16.9765	       0
 72.0258	 19.0818	       0
 72.0258	  21.187	       0
 72.0258	 23.2923	       0
 72.0258	 25.3975	       0
 72.0258	 27.5028	       0
 72.0258	 29.6081	       0
 72.0258	 31.7133	       0
 72.0258	 33.8186	       0
 72.0258	 35.9239	       0
 72.0258	 38.0291	       0
 72.0258	 40.1344	       0
 72.0258	 42.2396	       0
 72.0258	 44.3449	       0
 72.0258	 46.4502	       0
 72.0258	 48.5554	       0
 72.0258	 50.6607	       0
 72.0258	  52.766	       0
 72.0258	 54.8712	       0
 72.0258	 56.9765	       0
 72.0258	 59.0818	       0
 72.0258	  61.187	       0
 72.0258	 63.2923	       0
 72.0258	 65.3975	       0
 72.0258	 67.5028	       0
 72.0258	 69.6081	       0
 72.0258	 71.7133	       0
 72.0258	 73.8186	       0
 72.0258	 75.9239	       0
 72.0258	 78.0291	       0
 72.0258	 80.1344	       0
 72.0258	 82.2396	       0
 72.0258	 84.3449	       0
 72.0258	 86.4502	       0
 72.0258	 88.5554	       0
 72.0258	 90.6607	       0
 72.0258	  92.766	       0
 72.0258	 94.8712	       0
 72.0258	 96.9765	       0
 72.0258	 99.0818	       0
 72.0258	 101.187	       0
 72.0258	 103.292	       0
 72.0258	 105.398	       0
 72.0258	 107.503	       0
 72.0258	 109.608	       0
 72.0258	 111.713	       0
 72.0258	 113.819	       0
 72.0258	 115.924	       0
 72.0258	 118.029	       0
 72.0258	 120.134	       0
 72.0258	  122.24	       0
 72.0258	 124.345	       0
 72.0258	  126.45	       0
 72.0258	 128.555	       0
 72.0258	 130.661	       0
 72.0258	 132.766	       0
 72.0258	 134.871	       0
 72.0258	 136.976	       0
 72.0258	 139.082	       0
 72.0258	 141.187	       0
 72.0258	 143.292	       0
 72.0258	 145.398	       0
 72.0258	 147.503	       0
 72.0258	 149.608	       0
 72.0258	 151.713	       0
 72.0258	 153.819	       0
 72.0258	 155.924	       0
 72.0258	 158.029	       0
 72.0258	 160.134	       0
 72.0258	  162.24	       0
 72.0258	 164.345	       0
 72.0258	  166.45	       0
 72.0258	 168.555	       0
 72.0258	 170.661	       0
 72.0258	 172.766	       0
 72.0258	 174.871	       0
 72.0258	 176.976	       0
 72.0258	 179.082	       0
 74.0244	 1.97801	       0
 74.0244	 4.05894	       0
 74.0244	 6.13986	       0
 74.0244	 8.22079	       0
 74.0244	 10.3017	       0
 74.0244	 12.3826	       0
 74.0244	 14.4636	       0
 74.0244	 16.5445	       0
 74.0244	 18.6254	       0
 74.0244	 20.7063	       0
 74.0244	 22.7873	       0
 74.0244	 24.8682	       0
 74.0244	 26.9491	       0
 74.0244	   29.03	       0
 74.0244	  31.111	       0
 74.0244	 33.1919	       0
 74.0244	 35.2728	       0
 74.0244	 37.3537	       0
 74.0244	 39.4347	       0
 74.0244	 41.5156	       0
 74.0244	 43.5965	       0
 74.0244	 45.6774	       0
 74.0244	 47.7584	       0
 74.0244	 49.8393	       0
 74.0244	 51.9202	       0
 74.0244	 54.0011	       0
 74.0244	 56.0821	       0
 74.0244	  58.163	       0
 74.0244	 60.2439	       0
 74.0244	 62.3248	       0
 74.0244	 64.4058	       0
 74.0244	 66.4867	       0
 74.0244	 68.5676	       0
 74.0244	 70.6485	       0
 74.0244	 72.7295	       0
 74.0244	 74.8104	       0
 74.0244	 76.8913	       0
 74.0244	 78.9722	       0
 74.0244	 81.0532	       0
 74.0244	 83.1341	       0
 74.0244	  85.215	       0
 74.0244	 87.2959	       0
 74.0244	 89.3769	       0
 74.0244	 91.4578	       0
 74.0244	 93.5387	       0
 74.0244	 95.6196	       0
 74.0244	 97.7006	       0
 74.0244	 99.7815	       0
 74.0244	 101.862	       0
 74.0244	 103.943	       0
 74.0244	 106.024	       0
 74.0244	 108.105	       0
 74.0244	 110.186	       0
 74.0244	 112.267	       0
 74.0244	 114.348	       0
 74.0244	 116.429	       0
 74.0244	  118.51	       0
 74.0244	 120.591	       0
 74.0244	 122.672	       0
 74.0244	 124.753	       0
 74.0244	 126.834	       0
 74.0244	 128.914	       0
 74.0244	 130.995	       0
 74.0244	 133.076	       0
 74.0244	 135.157	       0
 74.0244	 137.238	       0
 74.0244	 139.319	       0
 74.0244	   141.4	       0
 74.0244	 143.481	       0
 74.0244	 145.562	       0
 74.0244	 147.643	       0
 74.0244	 149.724	       0
 74.0244	 151.805	       0
 74.0244	 153.886	       0
 74.0244	 155.966	       0
 74.0244	 158.047	       0
 74.0244	 160.128	       0
 74.0244	 162.209	       0
 74.0244	  164.29	       0
 74.0244	 166.371	       0
 74.0244	 168.452	       0
 74.0244	 170.533	       0
 74.0244	 172.614	       0
 74.0244	 174.695	       0
 74.0244	 176.776	       0
 74.0244	 178.857	       0
 76.0204	 1.85244	       0
 76.0204	  3.9214	       0
 76.0204	 5.99037	       0
 76.0204	 8.05934	       0
 76.0204	 10.1283	       0
 76.0204	 12.1973	       0
 76.0204	 14.2662	       0
 76.0204	 16.3352	       0
 76.0204	 18.4042	       0
 76.0204	 20.4731	       0
 76.0204	 22.5421	       0
 76.0204	 24.6111	       0
 76.0204	   26.68	       0
 76.0204	  28.749	       0
 76.0204	  30.818	       0
 76.0204	 32.8869	       0
 76.0204	 34.9559	       0
 76.0204	 37.0249	       0
 76.0204	 39.0938	       0
 76.0204	 41.1628	       0
 76.0204	 43.2317	       0
 76.0204	 45.3007	       0
 76.0204	 47.3697	       0
 76.0204	 49.4386	       0
 76.0204	 51.5076	       0
 76.0204	 53.5766	       0
 76.0204	 55.6455	       0
 76.0204	 57.7145	       0
 76.0204	 59.7835	       0
 76.0204	 61.8524	       0
 76.0204	 63.9214	       0
 76.0204	 65.9904	       0
 76.0204	 68.0593	       0
 76.0204	 70.1283	       0
 76.0204	 72.1973	       0
 76.0204	 74.2662	       0
 76.0204	 76.3352	       0
 76.0204	 78.4042	       0
 76.0204	 80.4731	       0
 76.0204	 82.5421	       0
 76.0204	 84.6111	       0
 76.0204	   86.68	       0
 76.0204	  88.749	       0
 76.0204	  90.818	       0
 76.0204	 92.8869	       0
 76.0204	 94.9559	       0
 76.0204	 97.0249	       0
 76.0204	 99.0938	       0
 76.0204	 101.163	       0
 76.0204	 103.232	       0
 76.0204	 105.301	       0
 76.0204	  107.37	       0
 76.0204	 109.439	       0
 76.0204	 111.508	       0
 76.0204	 113.577	       0
 76.0204	 115.646	       0
 76.0204	 117.715	       0
 76.0204	 119.783	       0
 76.0204	 121.852	       0
 76.0204	 123.921	       0
 76.0204	  125.99	       0
 76.0204	 128.059	       0
 76.0204	 130.128	       0
 76.0204	 132.197	       0
 76.0204	 134.266	       0
 76.0204	 136.335	       0
 76.0204	 138.404	       0
 76.0204	 140.473	       0
 76.0204	 142.542	       0
 76.0204	 144.611	       0
 76.0204	  146.68	       0
 76.0204	 148.749	       0
 76.0204	 150.818	       0
 76.0204	 152.887	       0
 76.0204	 154.956	       0
 76.0204	 157.025	       0
 76.0204	 159.094	       0
 76.0204	 161.163	       0
 76.0204	 163.232	       0
 76.0204	 165.301	       0
 76.0204	  167.37	       0
 76.0204	 169.439	       0
 76.0204	 171.508	       0
 76.0204	 173.577	       0
 76.0204	 175.646	       0
 76.0204	 177.715	       0
 76.0204	 179.783	       0
 78.0163	 1.60557	       0
 78.0163	 3.65103	       0
 78.0163	 5.69648	       0
 78.0163	 7.74194	       0
 78.0163	 9.78739	       0
 78.0163	 11.8328	       0
 78.0163	 13.8783	       0
 78.0163	 15.9238	       0
 78.0163	 17.9692	       0
 78.0163	 20.0147	       0
 78.0163	 22.0601	       0
 78.0163	 24.1056	       0
 78.0163	  26.151	       0
 78.0163	 28.1965	       0
 78.0163	 30.2419	       0
 78.0163	 32.2874	       0
 78.0163	 34.3328	       0
 78.0163	 36.3783	       0
 78.0163	 38.4238	       0
 78.0163	 40.4692	       0
 78.0163	 42.5147	       0
 78.0163	 44.5601	       0
 78.0163	 46.6056	       0
 78.0163	  48.651	       0
 78.0163	 50.6965	       0
 78.0163	 52.7419	       0
 78.0163	 54.7874	       0
 78.0163	 56.8328	       0
 78.0163	 58.8783	       0
 78.0163	 60.9238	       0
 78.0163	 62.9692	       0
 78.0163	 65.0147	       0
 78.0163	 67.0601	       0
 78.0163	 69.1056	       0
 78.0163	  71.151	       0
 78.0163	 73.1965	       0
 78.0163	 75.2419	       0
 78.0163	 77.2874	       0
 78.0163	 79.3328	       0
 78.0163	 81.3783	       0
 78.0163	 83.4238	       0
 78.0163	 85.4692	       0
 78.0163	 87.5147	       0
 78.0163	 89.5601	       0
 78.0163	 91.6056	       0
 78.0163	  93.651	       0
 78.0163	 95.6965	       0
 78.0163	 97.7419	       0
 78.0163	 99.7874	       0
 78.0163	 101.833	       0
 78.0163	 103.878	       0
 78.0163	 105.924	       0
 78.0163	 107.969	       0
 78.0163	 110.015	       0
 78.0163	  112.06	       0
 78.0163	 114.106	       0
 78.0163	 116.151	       0
 78.0163	 118.196	       0
 78.0163	 120.242	       0
 78.0163	 122.287	       0
 78.0163	 124.333	       0
 78.0163	 126.378	       0
 78.0163	 128.424	       0
 78.0163	 130.469	       0
 78.0163	 132.515	       0
 78.0163	  134.56	       0
 78.0163	 136.606	       0
 78.0163	 138.651	       0
 78.0163	 140.696	       0
 78.0163	 142.742	       0
 78.0163	 144.787	       0
 78.0163	 146.833	       0
 78.0163	 148.878	       0
 78.0163	 150.924	       0
 78.0163	 152.969	       0
 78.0163	 155.015	       0
 78.0163	  157.06	       0
 78.0163	 159.106	       0
 78.0163	 161.151	       0
 78.0163	 163.196	       0
 78.0163	 165.242	       0
 78.0163	 167.287	       0
 78.0163	 169.333	       0
 78.0163	 171.378	       0
 78.0163	 173.424	       0
 78.0163	 175.469	       0
 78.0163	 177.515	       0
 78.0163	  179.56	       0
 80.0145	 1.48423	       0
 80.0145	 3.51813	       0
 80.0145	 5.55203	       0
 80.0145	 7.58593	       0
 80.0145	 9.61983	       0
 80.0145	 11.6537	       0
 80.0145	 13.6876	       0
 80.0145	 15.7215	       0
 80.0145	 17.7554	       0
 80.0145	 19.7893	       0
 80.0145	 21.8232	       0
 80.0145	 23.8571	       0
 80.0145	  25.891	       0
 80.0145	 27.9249	       0
 80.0145	 29.9588	       0
 80.0145	 31.9927	       0
 80.0145	 34.0266	       0
 80.0145	 36.0605	       0
 80.0145	 38.0944	       0
 80.0145	 40.1283	       0
 80.0145	 42.1622	       0
 80.0145	 44.1961	       0
 80.0145	   46.23	       0
 80.0145	 48.2639	       0
 80.0145	 50.2978	       0
 80.0145	 52.3317	       0
 80.0145	 54.3656	       0
 80.0145	 56.3995	       0
 80.0145	 58.4334	       0
 80.0145	 60.4673	       0
 80.0145	 62.5012	       0
 80.0145	 64.5351	       0
 80.0145	  66.569	       0
 80.0145	 68.6029	       0
 80.0145	 70.6368	       0
 80.0145	 72.6707	       0
 80.0145	 74.7046	       0
 80.0145	 76.7385	       0
 80.0145	 78.7724	       0
 80.0145	 80.8063	       0
 80.0145	 82.8402	       0
 80.0145	 84.8741	       0
 80.0145	  86.908	       0
 80.0145	 88.9419	       0
 80.0145	 90.9758	       0
 80.0145	 93.0097	       0
 80.0145	 95.0436	       0
 80.0145	 97.0775	       0
 80.0145	 99.1114	       0
 80.0145	 101.145	       0
 80.0145	 103.179	       0
 80.0145	 105.213	       0
 80.0145	 107.247	       0
 80.0145	 109.281	       0
 80.0145	 111.315	       0
 80.0145	 113.349	       0
 80.0145	 115.383	       0
 80.0145	 117.416	       0
 80.0145	  119.45	       0
 80.0145	 121.484	       0
 80.0145	 123.518	       0
 80.0145	 125.552	       0
 80.0145	 127.586	       0
 80.0145	  129.62	       0
 80.0145	 131.654	       0
 80.0145	 133.688	       0
 80.0145	 135.722	       0
 80.0145	 137.755	       0
 80.0145	 139.789	       0
 80.0145	 141.823	       0
 80.0145	 143.857	       0
 80.0145	 145.891	       0
 80.0145	 147.925	       0
 80.0145	 149.959	       0
 80.0145	 151.993	       0
 80.0145	 154.027	       0
 80.0145	 156.061	       0
 80.0145	 158.094	       0
 80.0145	 160.128	       0
 80.0145	 162.162	       0
 80.0145	 164.196	       0
 80.0145	  166.23	       0
 80.0145	 168.264	       0
 80.0145	 170.298	       0
 80.0145	 172.332	       0
 80.0145	 174.366	       0
 80.0145	 176.399	       0
 80.0145	 178.433	       0
 82.0116	 1.36426	       0
 82.0116	 3.38673	       0
 82.0116	  5.4092	       0
 82.0116	 7.43167	       0
 82.0116	 9.45414	       0
 82.0116	 11.4766	       0
 82.0116	 13.4991	       0
 82.0116	 15.5216	       0
 82.0116	  17.544	       0
 82.0116	 19.5665	       0
 82.0116	  21.589	       0
 82.0116	 23.6114	       0
 82.0116	 25.6339	       0
 82.0116	 27.6564	       0
 82.0116	 29.6789	       0
 82.0116	 31.7013	       0
 82.0116	 33.7238	       0
 82.0116	 35.7463	       0
 82.0116	 37.7688	       0
 82.0116	 39.7912	       0
 82.0116	 41.8137	       0
 82.0116	 43.8362	       0
 82.0116	 45.8586	       0
 82.0116	 47.8811	       0
 82.0116	 49.9036	       0
 82.0116	 51.9261	       0
 82.0116	 53.9485	       0
 82.0116	  55.971	       0
 82.0116	 57.9935	       0
 82.0116	 60.0159	       0
 82.0116	 62.0384	       0
 82.0116	 64.0609	       0
 82.0116	 66.0834	       0
 82.0116	 68.1058	       0
 82.0116	 70.1283	       0
 82.0116	 72.1508	       0
 82.0116	 74.1732	       0
 82.0116	 76.1957	       0
 82.0116	 78.2182	       0
 82.0116	 80.2407	       0
 82.0116	 82.2631	       0
 82.0116	 84.2856	       0
 82.0116	 86.3081	       0
 82.0116	 88.3305	       0
 82.0116	  90.353	       0
 82.0116	 92.3755	       0
 82.0116	  94.398	       0
 82.0116	 96.4204	       0
 82.0116	 98.4429	       0
 82.0116	 100.465	       0
 82.0116	 102.488	       0
 82.0116	  104.51	       0
 82.0116	 106.533	       0
 82.0116	 108.555	       0
 82.0116	 110.578	       0
 82.0116	   112.6	       0
 82.0116	 114.623	       0
 82.0116	 116.645	       0
 82.0116	 118.668	       0
 82.0116	  120.69	       0
 82.0116	 122.713	       0
 82.0116	 124.735	       0
 82.0116	 126.758	       0
 82.0116	  128.78	       0
 82.0116	 130.802	       0
 82.0116	 132.825	       0
 82.0116	 134.847	       0
 82.0116	  136.87	       0
 82.0116	 138.892	       0
 82.0116	 140.915	       0
 82.0116	 142.937	       0
 82.0116	  144.96	       0
 82.0116	 146.982	       0
 82.0116	 149.005	       0
 82.0116	 151.027	       0
 82.0116	  153.05	       0
 82.0116	 155.072	       0
 82.0116	 157.095	       0
 82.0116	 159.117	       0
 82.0116	  161.14	       0
 82.0116	 163.162	       0
 82.0116	 165.184	       0
 82.0116	 167.207	       0
 82.0116	 169.229	       0
 82.0116	 171.252	       0
 82.0116	 173.274	       0
 82.0116	 175.297	       0
 82.0116	 177.319	       0
 82.0116	 179.342	       0
 84.0103	 1.24562	       0
 84.0103	 3.25679	       0
 84.0103	 5.26797	       0
 84.0103	 7.27914	       0
 84.0103	 9.29031	       0
 84.0103	 11.3015	       0
 84.0103	 13.3127	       0
 84.0103	 15.3238	       0
 84.0103	  17.335	       0
 84.0103	 19.3462	       0
 84.0103	 21.3574	       0
 84.0103	 23.3685	       0
 84.0103	 25.3797	       0
 84.0103	 27.3909	       0
 84.0103	  29.402	       0
 84.0103	 31.4132	       0
 84.0103	 33.4244	       0
 84.0103	 35.4356	       0
 84.0103	 37.4467	       0
 84.0103	 39.4579	       0
 84.0103	 41.4691	       0
 84.0103	 43.4803	       0
 84.0103	 45.4914	       0
 84.0103	 47.5026	       0
 84.0103	 49.5138	       0
 84.0103	 51.5249	       0
 84.0103	 53.5361	       0
 84.0103	 55.5473	       0
 84.0103	 57.5585	       0
 84.0103	 59.5696	       0
 84.0103	 61.5808	       0
 84.0103	  63.592	       0
 84.0103	 65.6032	       0
 84.0103	 67.6143	       0
 84.0103	 69.6255	       0
 84.0103	 71.6367	       0
 84.0103	 73.6479	       0
 84.0103	  75.659	       0
 84.0103	 77.6702	       0
 84.0103	 79.6814	       0
 84.0103	 81.6925	       0
 84.0103	 83.7037	       0
 84.0103	 85.7149	       0
 84.0103	 87.7261	       0
 84.0103	 89.7372	       0
 84.0103	 91.7484	       0
 84.0103	 93.7596	       0
 84.0103	 95.7708	       0
 84.0103	 97.7819	       0
 84.0103	 99.7931	       0
 84.0103	 101.804	       0
 84.0103	 103.815	       0
 84.0103	 105.827	       0
 84.0103	 107.838	       0
 84.0103	 109.849	       0
 84.0103	  111.86	       0
 84.0103	 113.871	       0
 84.0103	 115.882	       0
 84.0103	 117.894	       0
 84.0103	 119.905	       0
 84.0103	 121.916	       0
 84.0103	 123.927	       0
 84.0103	 125.938	       0
 84.0103	  127.95	       0
 84.0103	 129.961	       0
 84.0103	 131.972	       0
 84.0103	 133.983	       0
 84.0103	 135.994	       0
 84.0103	 138.005	       0
 84.0103	 140.017	       0
 84.0103	 142.028	       0
 84.0103	 144.039	       0
 84.0103	  146.05	       0
 84.0103	 148.061	       0
 84.0103	 150.072	       0
 84.0103	 152.084	       0
 84.0103	 154.095	       0
 84.0103	 156.106	       0
 84.0103	 158.117	       0
 84.0103	 160.128	       0
 84.0103	 162.139	       0
 84.0103	 164.151	       0
 84.0103	 166.162	       0
 84.0103	 168.173	       0
 84.0103	 170.184	       0
 84.0103	 172.195	       0
 84.0103	 174.207	       0
 84.0103	 176.218	       0
 84.0103	 178.229	       0
 86.0072	0.240033	       0
 86.0072	 2.25121	       0
 86.0072	 4.26238	       0
 86.0072	 6.27355	       0
 86.0072	 8.28473	       0
 86.0072	 10.2959	       0
 86.0072	 12.3071	       0
 86.0072	 14.3182	       0
 86.0072	 16.3294	       0
 86.0072	 18.3406	       0
 86.0072	 20.3518	       0
 86.0072	 22.3629	       0
 86.0072	 24.3741	       0
 86.0072	 26.3853	       0
 86.0072	 28.3965	       0
 86.0072	 30.4076	       0
 86.0072	 32.4188	       0
 86.0072	   34.43	       0
 86.0072	 36.4412	       0
 86.0072	 38.4523	       0
 86.0072	 40.4635	       0
 86.0072	 42.4747	       0
 86.0072	 44.4858	       0
 86.0072	  46.497	       0
 86.0072	 48.5082	       0
 86.0072	 50.5194	       0
 86.0072	 52.5305	       0
 86.0072	 54.5417	       0
 86.0072	 56.5529	       0
 86.0072	 58.5641	       0
 86.0072	 60.5752	       0
 86.0072	 62.5864	       0
 86.0072	 64.5976	       0
 86.0072	 66.6087	       0
 86.0072	 68.6199	       0
 86.0072	 70.6311	       0
 86.0072	 72.6423	       0
 86.0072	 74.6534	       0
 86.0072	 76.6646	       0
 86.0072	 78.6758	       0
 86.0072	  80.687	       0
 86.0072	 82.6981	       0
 86.0072	 84.7093	       0
 86.0072	 86.7205	       0
 86.0072	 88.7317	       0
 86.0072	 90.7428	       0
 86.0072	  92.754	       0
 86.0072	 94.7652	       0
 86.0072	 96.7763	       0
 86.0072	 98.7875	       0
 86.0072	 100.799	       0
 86.0072	  102.81	       0
 86.0072	 104.821	       0
 86.0072	 106.832	       0
 86.0072	 108.843	       0
 86.0072	 110.855	       0
 86.0072	 112.866	       0
 86.0072	 114.877	       0
 86.0072	 116.888	       0
 86.0072	 118.899	       0
 86.0072	  120.91	       0
 86.0072	 122.922	       0
 86.0072	 124.933	       0
 86.0072	 126.944	       0
 86.0072	 128.955	       0
 86.0072	 130.966	       0
 86.0072	 132.977	       0
 86.0072	 134.989	       0
 86.0072	     137	       0
 86.0072	 139.011	       0
 86.0072	 141.022	       0
 86.0072	 143.033	       0
 86.0072	 145.045	       0
 86.0072	 147.056	       0
 86.0072	 149.067	       0
 86.0072	 151.078	       0
 86.0072	 153.089	       0
 86.0072	   155.1	       0
 86.0072	 157.112	       0
 86.0072	 159.123	       0
 86.0072	 161.134	       0
 86.0072	 163.145	       0
 86.0072	 165.156	       0
 86.0072	 167.167	       0
 86.0072	 169.179	       0
 86.0072	  171.19	       0
 86.0072	 173.201	       0
 86.0072	 175.212	       0
 86.0072	 177.223	       0
 86.0072	 179.234	       0
 88.0048	0.133888	       0
 88.0048	 2.13389	       0
 88.0048	 4.13389	       0
 88.0048	 6.13389	       0
 88.0048	 8.13389	       0
 88.0048	 10.1339	       0
 88.0048	 12.1339	       0
 88.0048	 14.1339	       0
 88.0048	 16.1339	       0
 88.0048	 18.1339	       0
 88.0048	 20.1339	       0
 88.0048	 22.1339	       0
 88.0048	 24.1339	       0
 88.0048	 26.1339	       0
 88.0048	 28.1339	       0
 88.0048	 30.1339	       0
 88.0048	 32.1339	       0
 88.0048	 34.1339	       0
 88.0048	 36.1339	       0
 88.0048	 38.1339	       0
 88.0048	 40.1339	       0
 88.0048	 42.1339	       0
 88.0048	 44.1339	       0
 88.0048	 46.1339	       0
 88.0048	 48.1339	       0
 88.0048	 50.1339	       0
 88.0048	 52.1339	       0
 88.0048	 54.1339	       0
 88.0048	 56.1339	       0
 88.0048	 58.1339	       0
 88.0048	 60.1339	       0
 88.0048	 62.1339	       0
 88.0048	 64.1339	       0
 88.0048	 66.1339	       0
 88.0048	 68.1339	       0
 88.0048	 70.1339	       0
 88.0048	 72.1339	       0
 88.0048	 74.1339	       0
 88.0048	 76.1339	       0
 88.0048	 78.1339	       0
 88.0048	 80.1339	       0
 88.0048	 82.1339	       0
 88.0048	 84.1339	       0
 88.0048	 86.1339	       0
 88.0048	 88.1339	       0
 88.0048	 90.1339	       0
 88.0048	 92.1339	       0
 88.0048	 94.1339	       0
 88.0048	 96.1339	       0
 88.0048	 98.1339	       0
 88.0048	 100.134	       0
 88.0048	 102.134	       0
 88.0048	 104.134	       0
 88.0048	 106.134	       0
 88.0048	 108.134	       0
 88.0048	 110.134	       0
 88.0048	 112.134	       0
 88.0048	 114.134	       0
 88.0048	 116.134	       0
 88.0048	 118.134	       0
 88.0048	 120.134	       0
 88.0048	 122.134	       0
 88.0048	 124.134	       0
 88.0048	 126.134	       0
 88.0048	 128.134	       0
 88.0048	 130.134	       0
 88.0048	 132.134	       0
 88.0048	 134.134	       0
 88.0048	 136.134	       0
 88.0048	 138.134	       0
 88.0048	 140.134	       0
 88.0048	 142.134	       0
 88.0048	 144.134	       0
 88.0048	 146.134	       0
 88.0048	 148.134	       0
 88.0048	 150.134	       0
 88.0048	 152.134	       0
 88.0048	 154.134	       0
 88.0048	 156.134	       0
 88.0048	 158.134	       0
 88.0048	 160.134	       0
 88.0048	 162.134	       0
 88.0048	 164.134	       0
 88.0048	 166.134	       0
 88.0048	 168.134	       0
 88.0048	 170.134	       0
 88.0048	 172.134	       0
 88.0048	 174.134	       0
 88.0048	 176.134	       0
 88.0048	 178.134	       0
      90	0.251206	       0
      90	 2.26238	       0
      90	 4.27355	       0
      90	 6.28473	       0
      90	  8.2959	       0
      90	 10.3071	       0
      90	 12.3182	       0
      90	 14.3294	       0
      90	 16.3406	       0
      90	 18.3518	       0
      90	 20.3629	       0
      90	 22.3741	       0
      90	 24.3853	       0
      90	 26.3965	       0
      90	 28.4076	       0
      90	 30.4188	       0
      90	   32.43	       0
      90	 34.4412	       0
      90	 36.4523	       0
      90	 38.4635	       0
      90	 40.4747	       0
      90	 42.4858	       0
      90	  44.497	       0
      90	 46.5082	       0
      90	 48.5194	       0
      90	 50.5305	       0
      90	 52.5417	       0
      90	 54.5529	       0
      90	 56.5641	       0
      90	 58.5752	       0
      90	 60.5864	       0
      90	 62.5976	       0
      90	 64.6087	       0
      90	 66.6199	       0
      90	 68.6311	       0
      90	 70.6423	       0
      90	 72.6534	       0
      90	 74.6646	       0
      90	 76.6758	       0
      90	  78.687	       0
      90	 80.6981	       0
      90	 82.7093	       0
      90	 84.7205	       0
      90	 86.7317	       0
      90	 88.7428	       0
      90	  90.754	       0
      90	 92.7652	       0
      90	 94.7763	       0
      90	 96.7875	       0
      90	 98.7987	       0
      90	  100.81	       0
      90	 102.821	       0
      90	 104.832	       0
      90	 106.843	       0
      90	 108.855	       0
      90	 110.866	       0
      90	 112.877	       0
      90	 114.888	       0
      90	 116.899	       0
      90	  118.91	       0
      90	 120.922	       0
      90	 122.933	       0
      90	 124.944	       0
      90	 126.955	       0
      90	 128.966	       0
      90	 130.977	       0
      90	 132.989	       0
      90	     135	       0
      90	 137.011	       0
      90	 139.022	       0
      90	 141.033	       0
      90	 143.045	       0
      90	 145.056	       0
      90	 147.067	       0
      90	 149.078	       0
      90	 151.089	       0
      90	   153.1	       0
      90	 155.112	       0
      90	 157.123	       0
      90	 159.134	       0
      90	 161.145	       0
      90	 163.156	       0
      90	 165.167	       0
      90	 167.179	       0
      90	  169.19	       0
      90	 171.201	       0
      90	 173.212	       0
      90	 175.223	       0
      90	 177.234	       0
      90	 179.246	       0
